{
  "metadata": {
    "num_objects": 6,
    "num_frames": 81,
    "frame_step": 1,
    "description": "Programmatically generated static Gaussian trajectory",
    "obj_id_to_color_idx": {
      "1": 0,
      "2": 1,
      "3": 2,
      "4": 3,
      "5": 4,
      "6": 5
    }
  },
  "frames": [
    {
      "frame_index": 0,
      "objects": [
        {
          "object_id": "1",
          "color_index": 0,
          "gaussian_3d": {
            "mean": [
              2.9017117023468018,
              5.157124996185303,
              -0.948078989982605
            ],
            "covariance": [
              [
                0.1456809788942337,
                -0.2677547037601471,
                0.05729597434401512
              ],
              [
                -0.2677547037601471,
                0.6490257382392883,
                -0.005521680228412151
              ],
              [
                0.05729597434401512,
                -0.005521680228412151,
                0.15440253913402557
              ]
            ]
          }
        },
        {
          "object_id": "2",
          "color_index": 1,
          "gaussian_3d": {
            "mean": [
              -1.816571593284607,
              4.354310989379883,
              -0.892333984375
            ],
            "covariance": [
              [
                0.031896136701107025,
                -0.017947038635611534,
                0.009527268819510937
              ],
              [
                -0.017947038635611534,
                0.03241368383169174,
                -0.028765259310603142
              ],
              [
                0.009527268819510937,
                -0.028765259310603142,
                0.13559722900390625
              ]
            ]
          }
        },
        {
          "object_id": "3",
          "color_index": 2,
          "gaussian_3d": {
            "mean": [
              -2.8879735469818115,
              5.526429176330566,
              -0.7654683589935303
            ],
            "covariance": [
              [
                0.017118696123361588,
                -0.0030395835638046265,
                0.009044703096151352
              ],
              [
                -0.0030395835638046265,
                0.00916998740285635,
                -0.019673146307468414
              ],
              [
                0.009044703096151352,
                -0.019673146307468414,
                0.15308375656604767
              ]
            ]
          }
        },
        {
          "object_id": "4",
          "color_index": 3,
          "gaussian_3d": {
            "mean": [
              -6.873832702636719,
              9.818757057189941,
              -0.7781153321266174
            ],
            "covariance": [
              [
                0.24899178743362427,
                0.10415107011795044,
                -0.03170951083302498
              ],
              [
                0.10415107011795044,
                0.06685444712638855,
                0.011199037544429302
              ],
              [
                -0.03170951083302498,
                0.011199037544429302,
                0.08498203009366989
              ]
            ]
          }
        },
        {
          "object_id": "5",
          "color_index": 4,
          "gaussian_3d": {
            "mean": [
              0.3752076029777527,
              7.591080665588379,
              -1.1807588338851929
            ],
            "covariance": [
              [
                0.04961114749312401,
                -0.06271430850028992,
                -0.016817606985569
              ],
              [
                -0.06271430850028992,
                0.12087160348892212,
                0.03495276719331741
              ],
              [
                -0.016817606985569,
                0.03495276719331741,
                0.05486202985048294
              ]
            ]
          }
        },
        {
          "object_id": "6",
          "color_index": 5,
          "gaussian_3d": {
            "mean": [
              0.2767221927642822,
              7.74584436416626,
              -0.6456209421157837
            ],
            "covariance": [
              [
                0.028420045971870422,
                -0.02655627578496933,
                0.030446242541074753
              ],
              [
                -0.02655627578496933,
                0.04242030903697014,
                -0.04327639937400818
              ],
              [
                0.030446242541074753,
                -0.04327639937400818,
                0.10160578042268753
              ]
            ]
          }
        }
      ]
    },
    {
      "frame_index": 1,
      "objects": [
        {
          "object_id": "1",
          "color_index": 0,
          "gaussian_3d": {
            "mean": [
              2.9017117023468018,
              5.157124996185303,
              -0.948078989982605
            ],
            "covariance": [
              [
                0.1456809788942337,
                -0.2677547037601471,
                0.05729597434401512
              ],
              [
                -0.2677547037601471,
                0.6490257382392883,
                -0.005521680228412151
              ],
              [
                0.05729597434401512,
                -0.005521680228412151,
                0.15440253913402557
              ]
            ]
          }
        },
        {
          "object_id": "2",
          "color_index": 1,
          "gaussian_3d": {
            "mean": [
              -1.816571593284607,
              4.354310989379883,
              -0.892333984375
            ],
            "covariance": [
              [
                0.031896136701107025,
                -0.017947038635611534,
                0.009527268819510937
              ],
              [
                -0.017947038635611534,
                0.03241368383169174,
                -0.028765259310603142
              ],
              [
                0.009527268819510937,
                -0.028765259310603142,
                0.13559722900390625
              ]
            ]
          }
        },
        {
          "object_id": "3",
          "color_index": 2,
          "gaussian_3d": {
            "mean": [
              -2.8879735469818115,
              5.526429176330566,
              -0.7654683589935303
            ],
            "covariance": [
              [
                0.017118696123361588,
                -0.0030395835638046265,
                0.009044703096151352
              ],
              [
                -0.0030395835638046265,
                0.00916998740285635,
                -0.019673146307468414
              ],
              [
                0.009044703096151352,
                -0.019673146307468414,
                0.15308375656604767
              ]
            ]
          }
        },
        {
          "object_id": "4",
          "color_index": 3,
          "gaussian_3d": {
            "mean": [
              -6.873832702636719,
              9.818757057189941,
              -0.7781153321266174
            ],
            "covariance": [
              [
                0.24899178743362427,
                0.10415107011795044,
                -0.03170951083302498
              ],
              [
                0.10415107011795044,
                0.06685444712638855,
                0.011199037544429302
              ],
              [
                -0.03170951083302498,
                0.011199037544429302,
                0.08498203009366989
              ]
            ]
          }
        },
        {
          "object_id": "5",
          "color_index": 4,
          "gaussian_3d": {
            "mean": [
              0.3752076029777527,
              7.591080665588379,
              -1.1807588338851929
            ],
            "covariance": [
              [
                0.04961114749312401,
                -0.06271430850028992,
                -0.016817606985569
              ],
              [
                -0.06271430850028992,
                0.12087160348892212,
                0.03495276719331741
              ],
              [
                -0.016817606985569,
                0.03495276719331741,
                0.05486202985048294
              ]
            ]
          }
        },
        {
          "object_id": "6",
          "color_index": 5,
          "gaussian_3d": {
            "mean": [
              0.2767221927642822,
              7.74584436416626,
              -0.6456209421157837
            ],
            "covariance": [
              [
                0.028420045971870422,
                -0.02655627578496933,
                0.030446242541074753
              ],
              [
                -0.02655627578496933,
                0.04242030903697014,
                -0.04327639937400818
              ],
              [
                0.030446242541074753,
                -0.04327639937400818,
                0.10160578042268753
              ]
            ]
          }
        }
      ]
    },
    {
      "frame_index": 2,
      "objects": [
        {
          "object_id": "1",
          "color_index": 0,
          "gaussian_3d": {
            "mean": [
              2.9017117023468018,
              5.157124996185303,
              -0.948078989982605
            ],
            "covariance": [
              [
                0.1456809788942337,
                -0.2677547037601471,
                0.05729597434401512
              ],
              [
                -0.2677547037601471,
                0.6490257382392883,
                -0.005521680228412151
              ],
              [
                0.05729597434401512,
                -0.005521680228412151,
                0.15440253913402557
              ]
            ]
          }
        },
        {
          "object_id": "2",
          "color_index": 1,
          "gaussian_3d": {
            "mean": [
              -1.816571593284607,
              4.354310989379883,
              -0.892333984375
            ],
            "covariance": [
              [
                0.031896136701107025,
                -0.017947038635611534,
                0.009527268819510937
              ],
              [
                -0.017947038635611534,
                0.03241368383169174,
                -0.028765259310603142
              ],
              [
                0.009527268819510937,
                -0.028765259310603142,
                0.13559722900390625
              ]
            ]
          }
        },
        {
          "object_id": "3",
          "color_index": 2,
          "gaussian_3d": {
            "mean": [
              -2.8879735469818115,
              5.526429176330566,
              -0.7654683589935303
            ],
            "covariance": [
              [
                0.017118696123361588,
                -0.0030395835638046265,
                0.009044703096151352
              ],
              [
                -0.0030395835638046265,
                0.00916998740285635,
                -0.019673146307468414
              ],
              [
                0.009044703096151352,
                -0.019673146307468414,
                0.15308375656604767
              ]
            ]
          }
        },
        {
          "object_id": "4",
          "color_index": 3,
          "gaussian_3d": {
            "mean": [
              -6.873832702636719,
              9.818757057189941,
              -0.7781153321266174
            ],
            "covariance": [
              [
                0.24899178743362427,
                0.10415107011795044,
                -0.03170951083302498
              ],
              [
                0.10415107011795044,
                0.06685444712638855,
                0.011199037544429302
              ],
              [
                -0.03170951083302498,
                0.011199037544429302,
                0.08498203009366989
              ]
            ]
          }
        },
        {
          "object_id": "5",
          "color_index": 4,
          "gaussian_3d": {
            "mean": [
              0.3752076029777527,
              7.591080665588379,
              -1.1807588338851929
            ],
            "covariance": [
              [
                0.04961114749312401,
                -0.06271430850028992,
                -0.016817606985569
              ],
              [
                -0.06271430850028992,
                0.12087160348892212,
                0.03495276719331741
              ],
              [
                -0.016817606985569,
                0.03495276719331741,
                0.05486202985048294
              ]
            ]
          }
        },
        {
          "object_id": "6",
          "color_index": 5,
          "gaussian_3d": {
            "mean": [
              0.2767221927642822,
              7.74584436416626,
              -0.6456209421157837
            ],
            "covariance": [
              [
                0.028420045971870422,
                -0.02655627578496933,
                0.030446242541074753
              ],
              [
                -0.02655627578496933,
                0.04242030903697014,
                -0.04327639937400818
              ],
              [
                0.030446242541074753,
                -0.04327639937400818,
                0.10160578042268753
              ]
            ]
          }
        }
      ]
    },
    {
      "frame_index": 3,
      "objects": [
        {
          "object_id": "1",
          "color_index": 0,
          "gaussian_3d": {
            "mean": [
              2.9017117023468018,
              5.157124996185303,
              -0.948078989982605
            ],
            "covariance": [
              [
                0.1456809788942337,
                -0.2677547037601471,
                0.05729597434401512
              ],
              [
                -0.2677547037601471,
                0.6490257382392883,
                -0.005521680228412151
              ],
              [
                0.05729597434401512,
                -0.005521680228412151,
                0.15440253913402557
              ]
            ]
          }
        },
        {
          "object_id": "2",
          "color_index": 1,
          "gaussian_3d": {
            "mean": [
              -1.816571593284607,
              4.354310989379883,
              -0.892333984375
            ],
            "covariance": [
              [
                0.031896136701107025,
                -0.017947038635611534,
                0.009527268819510937
              ],
              [
                -0.017947038635611534,
                0.03241368383169174,
                -0.028765259310603142
              ],
              [
                0.009527268819510937,
                -0.028765259310603142,
                0.13559722900390625
              ]
            ]
          }
        },
        {
          "object_id": "3",
          "color_index": 2,
          "gaussian_3d": {
            "mean": [
              -2.8879735469818115,
              5.526429176330566,
              -0.7654683589935303
            ],
            "covariance": [
              [
                0.017118696123361588,
                -0.0030395835638046265,
                0.009044703096151352
              ],
              [
                -0.0030395835638046265,
                0.00916998740285635,
                -0.019673146307468414
              ],
              [
                0.009044703096151352,
                -0.019673146307468414,
                0.15308375656604767
              ]
            ]
          }
        },
        {
          "object_id": "4",
          "color_index": 3,
          "gaussian_3d": {
            "mean": [
              -6.873832702636719,
              9.818757057189941,
              -0.7781153321266174
            ],
            "covariance": [
              [
                0.24899178743362427,
                0.10415107011795044,
                -0.03170951083302498
              ],
              [
                0.10415107011795044,
                0.06685444712638855,
                0.011199037544429302
              ],
              [
                -0.03170951083302498,
                0.011199037544429302,
                0.08498203009366989
              ]
            ]
          }
        },
        {
          "object_id": "5",
          "color_index": 4,
          "gaussian_3d": {
            "mean": [
              0.3752076029777527,
              7.591080665588379,
              -1.1807588338851929
            ],
            "covariance": [
              [
                0.04961114749312401,
                -0.06271430850028992,
                -0.016817606985569
              ],
              [
                -0.06271430850028992,
                0.12087160348892212,
                0.03495276719331741
              ],
              [
                -0.016817606985569,
                0.03495276719331741,
                0.05486202985048294
              ]
            ]
          }
        },
        {
          "object_id": "6",
          "color_index": 5,
          "gaussian_3d": {
            "mean": [
              0.2767221927642822,
              7.74584436416626,
              -0.6456209421157837
            ],
            "covariance": [
              [
                0.028420045971870422,
                -0.02655627578496933,
                0.030446242541074753
              ],
              [
                -0.02655627578496933,
                0.04242030903697014,
                -0.04327639937400818
              ],
              [
                0.030446242541074753,
                -0.04327639937400818,
                0.10160578042268753
              ]
            ]
          }
        }
      ]
    },
    {
      "frame_index": 4,
      "objects": [
        {
          "object_id": "1",
          "color_index": 0,
          "gaussian_3d": {
            "mean": [
              2.9017117023468018,
              5.157124996185303,
              -0.948078989982605
            ],
            "covariance": [
              [
                0.1456809788942337,
                -0.2677547037601471,
                0.05729597434401512
              ],
              [
                -0.2677547037601471,
                0.6490257382392883,
                -0.005521680228412151
              ],
              [
                0.05729597434401512,
                -0.005521680228412151,
                0.15440253913402557
              ]
            ]
          }
        },
        {
          "object_id": "2",
          "color_index": 1,
          "gaussian_3d": {
            "mean": [
              -1.816571593284607,
              4.354310989379883,
              -0.892333984375
            ],
            "covariance": [
              [
                0.031896136701107025,
                -0.017947038635611534,
                0.009527268819510937
              ],
              [
                -0.017947038635611534,
                0.03241368383169174,
                -0.028765259310603142
              ],
              [
                0.009527268819510937,
                -0.028765259310603142,
                0.13559722900390625
              ]
            ]
          }
        },
        {
          "object_id": "3",
          "color_index": 2,
          "gaussian_3d": {
            "mean": [
              -2.8879735469818115,
              5.526429176330566,
              -0.7654683589935303
            ],
            "covariance": [
              [
                0.017118696123361588,
                -0.0030395835638046265,
                0.009044703096151352
              ],
              [
                -0.0030395835638046265,
                0.00916998740285635,
                -0.019673146307468414
              ],
              [
                0.009044703096151352,
                -0.019673146307468414,
                0.15308375656604767
              ]
            ]
          }
        },
        {
          "object_id": "4",
          "color_index": 3,
          "gaussian_3d": {
            "mean": [
              -6.873832702636719,
              9.818757057189941,
              -0.7781153321266174
            ],
            "covariance": [
              [
                0.24899178743362427,
                0.10415107011795044,
                -0.03170951083302498
              ],
              [
                0.10415107011795044,
                0.06685444712638855,
                0.011199037544429302
              ],
              [
                -0.03170951083302498,
                0.011199037544429302,
                0.08498203009366989
              ]
            ]
          }
        },
        {
          "object_id": "5",
          "color_index": 4,
          "gaussian_3d": {
            "mean": [
              0.3752076029777527,
              7.591080665588379,
              -1.1807588338851929
            ],
            "covariance": [
              [
                0.04961114749312401,
                -0.06271430850028992,
                -0.016817606985569
              ],
              [
                -0.06271430850028992,
                0.12087160348892212,
                0.03495276719331741
              ],
              [
                -0.016817606985569,
                0.03495276719331741,
                0.05486202985048294
              ]
            ]
          }
        },
        {
          "object_id": "6",
          "color_index": 5,
          "gaussian_3d": {
            "mean": [
              0.2767221927642822,
              7.74584436416626,
              -0.6456209421157837
            ],
            "covariance": [
              [
                0.028420045971870422,
                -0.02655627578496933,
                0.030446242541074753
              ],
              [
                -0.02655627578496933,
                0.04242030903697014,
                -0.04327639937400818
              ],
              [
                0.030446242541074753,
                -0.04327639937400818,
                0.10160578042268753
              ]
            ]
          }
        }
      ]
    },
    {
      "frame_index": 5,
      "objects": [
        {
          "object_id": "1",
          "color_index": 0,
          "gaussian_3d": {
            "mean": [
              2.9017117023468018,
              5.157124996185303,
              -0.948078989982605
            ],
            "covariance": [
              [
                0.1456809788942337,
                -0.2677547037601471,
                0.05729597434401512
              ],
              [
                -0.2677547037601471,
                0.6490257382392883,
                -0.005521680228412151
              ],
              [
                0.05729597434401512,
                -0.005521680228412151,
                0.15440253913402557
              ]
            ]
          }
        },
        {
          "object_id": "2",
          "color_index": 1,
          "gaussian_3d": {
            "mean": [
              -1.816571593284607,
              4.354310989379883,
              -0.892333984375
            ],
            "covariance": [
              [
                0.031896136701107025,
                -0.017947038635611534,
                0.009527268819510937
              ],
              [
                -0.017947038635611534,
                0.03241368383169174,
                -0.028765259310603142
              ],
              [
                0.009527268819510937,
                -0.028765259310603142,
                0.13559722900390625
              ]
            ]
          }
        },
        {
          "object_id": "3",
          "color_index": 2,
          "gaussian_3d": {
            "mean": [
              -2.8879735469818115,
              5.526429176330566,
              -0.7654683589935303
            ],
            "covariance": [
              [
                0.017118696123361588,
                -0.0030395835638046265,
                0.009044703096151352
              ],
              [
                -0.0030395835638046265,
                0.00916998740285635,
                -0.019673146307468414
              ],
              [
                0.009044703096151352,
                -0.019673146307468414,
                0.15308375656604767
              ]
            ]
          }
        },
        {
          "object_id": "4",
          "color_index": 3,
          "gaussian_3d": {
            "mean": [
              -6.873832702636719,
              9.818757057189941,
              -0.7781153321266174
            ],
            "covariance": [
              [
                0.24899178743362427,
                0.10415107011795044,
                -0.03170951083302498
              ],
              [
                0.10415107011795044,
                0.06685444712638855,
                0.011199037544429302
              ],
              [
                -0.03170951083302498,
                0.011199037544429302,
                0.08498203009366989
              ]
            ]
          }
        },
        {
          "object_id": "5",
          "color_index": 4,
          "gaussian_3d": {
            "mean": [
              0.3752076029777527,
              7.591080665588379,
              -1.1807588338851929
            ],
            "covariance": [
              [
                0.04961114749312401,
                -0.06271430850028992,
                -0.016817606985569
              ],
              [
                -0.06271430850028992,
                0.12087160348892212,
                0.03495276719331741
              ],
              [
                -0.016817606985569,
                0.03495276719331741,
                0.05486202985048294
              ]
            ]
          }
        },
        {
          "object_id": "6",
          "color_index": 5,
          "gaussian_3d": {
            "mean": [
              0.2767221927642822,
              7.74584436416626,
              -0.6456209421157837
            ],
            "covariance": [
              [
                0.028420045971870422,
                -0.02655627578496933,
                0.030446242541074753
              ],
              [
                -0.02655627578496933,
                0.04242030903697014,
                -0.04327639937400818
              ],
              [
                0.030446242541074753,
                -0.04327639937400818,
                0.10160578042268753
              ]
            ]
          }
        }
      ]
    },
    {
      "frame_index": 6,
      "objects": [
        {
          "object_id": "1",
          "color_index": 0,
          "gaussian_3d": {
            "mean": [
              2.9017117023468018,
              5.157124996185303,
              -0.948078989982605
            ],
            "covariance": [
              [
                0.1456809788942337,
                -0.2677547037601471,
                0.05729597434401512
              ],
              [
                -0.2677547037601471,
                0.6490257382392883,
                -0.005521680228412151
              ],
              [
                0.05729597434401512,
                -0.005521680228412151,
                0.15440253913402557
              ]
            ]
          }
        },
        {
          "object_id": "2",
          "color_index": 1,
          "gaussian_3d": {
            "mean": [
              -1.816571593284607,
              4.354310989379883,
              -0.892333984375
            ],
            "covariance": [
              [
                0.031896136701107025,
                -0.017947038635611534,
                0.009527268819510937
              ],
              [
                -0.017947038635611534,
                0.03241368383169174,
                -0.028765259310603142
              ],
              [
                0.009527268819510937,
                -0.028765259310603142,
                0.13559722900390625
              ]
            ]
          }
        },
        {
          "object_id": "3",
          "color_index": 2,
          "gaussian_3d": {
            "mean": [
              -2.8879735469818115,
              5.526429176330566,
              -0.7654683589935303
            ],
            "covariance": [
              [
                0.017118696123361588,
                -0.0030395835638046265,
                0.009044703096151352
              ],
              [
                -0.0030395835638046265,
                0.00916998740285635,
                -0.019673146307468414
              ],
              [
                0.009044703096151352,
                -0.019673146307468414,
                0.15308375656604767
              ]
            ]
          }
        },
        {
          "object_id": "4",
          "color_index": 3,
          "gaussian_3d": {
            "mean": [
              -6.873832702636719,
              9.818757057189941,
              -0.7781153321266174
            ],
            "covariance": [
              [
                0.24899178743362427,
                0.10415107011795044,
                -0.03170951083302498
              ],
              [
                0.10415107011795044,
                0.06685444712638855,
                0.011199037544429302
              ],
              [
                -0.03170951083302498,
                0.011199037544429302,
                0.08498203009366989
              ]
            ]
          }
        },
        {
          "object_id": "5",
          "color_index": 4,
          "gaussian_3d": {
            "mean": [
              0.3752076029777527,
              7.591080665588379,
              -1.1807588338851929
            ],
            "covariance": [
              [
                0.04961114749312401,
                -0.06271430850028992,
                -0.016817606985569
              ],
              [
                -0.06271430850028992,
                0.12087160348892212,
                0.03495276719331741
              ],
              [
                -0.016817606985569,
                0.03495276719331741,
                0.05486202985048294
              ]
            ]
          }
        },
        {
          "object_id": "6",
          "color_index": 5,
          "gaussian_3d": {
            "mean": [
              0.2767221927642822,
              7.74584436416626,
              -0.6456209421157837
            ],
            "covariance": [
              [
                0.028420045971870422,
                -0.02655627578496933,
                0.030446242541074753
              ],
              [
                -0.02655627578496933,
                0.04242030903697014,
                -0.04327639937400818
              ],
              [
                0.030446242541074753,
                -0.04327639937400818,
                0.10160578042268753
              ]
            ]
          }
        }
      ]
    },
    {
      "frame_index": 7,
      "objects": [
        {
          "object_id": "1",
          "color_index": 0,
          "gaussian_3d": {
            "mean": [
              2.9017117023468018,
              5.157124996185303,
              -0.948078989982605
            ],
            "covariance": [
              [
                0.1456809788942337,
                -0.2677547037601471,
                0.05729597434401512
              ],
              [
                -0.2677547037601471,
                0.6490257382392883,
                -0.005521680228412151
              ],
              [
                0.05729597434401512,
                -0.005521680228412151,
                0.15440253913402557
              ]
            ]
          }
        },
        {
          "object_id": "2",
          "color_index": 1,
          "gaussian_3d": {
            "mean": [
              -1.816571593284607,
              4.354310989379883,
              -0.892333984375
            ],
            "covariance": [
              [
                0.031896136701107025,
                -0.017947038635611534,
                0.009527268819510937
              ],
              [
                -0.017947038635611534,
                0.03241368383169174,
                -0.028765259310603142
              ],
              [
                0.009527268819510937,
                -0.028765259310603142,
                0.13559722900390625
              ]
            ]
          }
        },
        {
          "object_id": "3",
          "color_index": 2,
          "gaussian_3d": {
            "mean": [
              -2.8879735469818115,
              5.526429176330566,
              -0.7654683589935303
            ],
            "covariance": [
              [
                0.017118696123361588,
                -0.0030395835638046265,
                0.009044703096151352
              ],
              [
                -0.0030395835638046265,
                0.00916998740285635,
                -0.019673146307468414
              ],
              [
                0.009044703096151352,
                -0.019673146307468414,
                0.15308375656604767
              ]
            ]
          }
        },
        {
          "object_id": "4",
          "color_index": 3,
          "gaussian_3d": {
            "mean": [
              -6.873832702636719,
              9.818757057189941,
              -0.7781153321266174
            ],
            "covariance": [
              [
                0.24899178743362427,
                0.10415107011795044,
                -0.03170951083302498
              ],
              [
                0.10415107011795044,
                0.06685444712638855,
                0.011199037544429302
              ],
              [
                -0.03170951083302498,
                0.011199037544429302,
                0.08498203009366989
              ]
            ]
          }
        },
        {
          "object_id": "5",
          "color_index": 4,
          "gaussian_3d": {
            "mean": [
              0.3752076029777527,
              7.591080665588379,
              -1.1807588338851929
            ],
            "covariance": [
              [
                0.04961114749312401,
                -0.06271430850028992,
                -0.016817606985569
              ],
              [
                -0.06271430850028992,
                0.12087160348892212,
                0.03495276719331741
              ],
              [
                -0.016817606985569,
                0.03495276719331741,
                0.05486202985048294
              ]
            ]
          }
        },
        {
          "object_id": "6",
          "color_index": 5,
          "gaussian_3d": {
            "mean": [
              0.2767221927642822,
              7.74584436416626,
              -0.6456209421157837
            ],
            "covariance": [
              [
                0.028420045971870422,
                -0.02655627578496933,
                0.030446242541074753
              ],
              [
                -0.02655627578496933,
                0.04242030903697014,
                -0.04327639937400818
              ],
              [
                0.030446242541074753,
                -0.04327639937400818,
                0.10160578042268753
              ]
            ]
          }
        }
      ]
    },
    {
      "frame_index": 8,
      "objects": [
        {
          "object_id": "1",
          "color_index": 0,
          "gaussian_3d": {
            "mean": [
              2.9017117023468018,
              5.157124996185303,
              -0.948078989982605
            ],
            "covariance": [
              [
                0.1456809788942337,
                -0.2677547037601471,
                0.05729597434401512
              ],
              [
                -0.2677547037601471,
                0.6490257382392883,
                -0.005521680228412151
              ],
              [
                0.05729597434401512,
                -0.005521680228412151,
                0.15440253913402557
              ]
            ]
          }
        },
        {
          "object_id": "2",
          "color_index": 1,
          "gaussian_3d": {
            "mean": [
              -1.816571593284607,
              4.354310989379883,
              -0.892333984375
            ],
            "covariance": [
              [
                0.031896136701107025,
                -0.017947038635611534,
                0.009527268819510937
              ],
              [
                -0.017947038635611534,
                0.03241368383169174,
                -0.028765259310603142
              ],
              [
                0.009527268819510937,
                -0.028765259310603142,
                0.13559722900390625
              ]
            ]
          }
        },
        {
          "object_id": "3",
          "color_index": 2,
          "gaussian_3d": {
            "mean": [
              -2.8879735469818115,
              5.526429176330566,
              -0.7654683589935303
            ],
            "covariance": [
              [
                0.017118696123361588,
                -0.0030395835638046265,
                0.009044703096151352
              ],
              [
                -0.0030395835638046265,
                0.00916998740285635,
                -0.019673146307468414
              ],
              [
                0.009044703096151352,
                -0.019673146307468414,
                0.15308375656604767
              ]
            ]
          }
        },
        {
          "object_id": "4",
          "color_index": 3,
          "gaussian_3d": {
            "mean": [
              -6.873832702636719,
              9.818757057189941,
              -0.7781153321266174
            ],
            "covariance": [
              [
                0.24899178743362427,
                0.10415107011795044,
                -0.03170951083302498
              ],
              [
                0.10415107011795044,
                0.06685444712638855,
                0.011199037544429302
              ],
              [
                -0.03170951083302498,
                0.011199037544429302,
                0.08498203009366989
              ]
            ]
          }
        },
        {
          "object_id": "5",
          "color_index": 4,
          "gaussian_3d": {
            "mean": [
              0.3752076029777527,
              7.591080665588379,
              -1.1807588338851929
            ],
            "covariance": [
              [
                0.04961114749312401,
                -0.06271430850028992,
                -0.016817606985569
              ],
              [
                -0.06271430850028992,
                0.12087160348892212,
                0.03495276719331741
              ],
              [
                -0.016817606985569,
                0.03495276719331741,
                0.05486202985048294
              ]
            ]
          }
        },
        {
          "object_id": "6",
          "color_index": 5,
          "gaussian_3d": {
            "mean": [
              0.2767221927642822,
              7.74584436416626,
              -0.6456209421157837
            ],
            "covariance": [
              [
                0.028420045971870422,
                -0.02655627578496933,
                0.030446242541074753
              ],
              [
                -0.02655627578496933,
                0.04242030903697014,
